# logA ns theta_MC_100 omegabh2 omegach2 tau w0pwa w A_planck calib_100T calib_217T A_cib_217 xi_sz_cib A_sz ksz_norm gal545_A_100 gal545_A_143 gal545_A_143_217 gal545_A_217 ps_A_100_100 ps_A_143_143 ps_A_143_217 ps_A_217_217
2.757542555004691056e-04 -4.768117495454953858e-05 -1.766523502331134895e-06 -1.120201815813228291e-06 1.807852089254692555e-05 1.029287733058745501e-04 -8.186890087034066421e-04 4.214164250376792385e-05 1.111733141069713910e-05 -4.720185031515189576e-08 -8.101551895277589273e-08 -1.844575546897751469e-03 7.705605912370082399e-05 2.305110297669199699e-04 -1.412354702940122990e-03 -1.329609392140833953e-03 -1.486895746192702259e-03 -1.928139221364198394e-03 1.194723436814810986e-04 -6.910409076167833842e-02 -6.618830952437053383e-02 -5.765253815036842228e-02 -5.224906639937715314e-02
-4.768117495454953858e-05 1.218740428823398560e-04 4.772464287908084740e-06 3.269775768349376734e-06 -2.889891978480850837e-05 4.791768149116078231e-06 1.309069284451397711e-03 -3.340003753211809816e-05 7.012378655398981477e-07 4.642999145287112167e-08 -1.326782536817764055e-07 -5.637450285721662922e-03 9.739031742569559272e-05 -2.375536192510919672e-04 -6.110239200243969791e-04 8.764910899663619099e-04 1.215174292410234715e-04 -5.526594348860372789e-04 1.699526345373125530e-03 -1.746506472092262119e-01 -1.717030832499525372e-01 -1.613984782075170710e-01 -1.504418626781222901e-01
-1.766523502331134895e-06 4.772464287908084740e-06 5.971473093375587788e-07 1.669429326177372171e-07 -1.216139352623488156e-06 1.461492528674578050e-07 6.697873986355459895e-05 -2.760829929291392397e-06 2.132230120966881559e-08 5.462332208518161579e-09 1.717341390541381723e-10 2.536529003981029089e-04 3.225120056475585026e-06 -2.677735588776271189e-05 4.746104094286572757e-05 2.977776314081686615e-05 2.811412962894048801e-05 3.368353564255068894e-05 -3.892078580786137405e-05 -3.650768168379292695e-03 -4.471114784206308389e-03 -5.031890753469060382e-03 -5.701468991168516520e-03
-1.120201815813228291e-06 3.269775768349376734e-06 1.669429326177372171e-07 1.353498656230563571e-07 -8.000327614636504906e-07 1.727939166132949119e-07 3.840819402791189002e-05 -9.499039748140443147e-07 4.591221524759812664e-09 7.221774533380973873e-10 -2.265424248173021412e-09 -3.599783248999823332e-06 1.188684358560460903e-06 -1.045379289225921206e-07 1.175140505684432802e-07 2.826636029767199738e-05 3.093392277777683543e-06 -1.784550883009938547e-05 -3.194146767118285834e-05 -3.160945386186719396e-03 -3.072633551046521742e-03 -2.915214309578901750e-03 -2.895193544212568571e-03
1.807852089254692555e-05 -2.889891978480850837e-05 -1.216139352623488156e-06 -8.000327614636504906e-07 9.007762308567288917e-06 -6.649043985003426238e-07 -3.969813063379382784e-04 1.126454119939097384e-05 -1.855172551375882515e-07 -4.281244482873099625e-08 3.747892516473168248e-08 1.406723796355984759e-03 -1.112586684365233709e-05 4.884240656389874887e-05 -1.301154446033964812e-04 -1.450550122182694729e-04 -6.085344315620348722e-05 3.130476246598260163e-06 -4.875605219811262377e-04 1.398969327483250147e-02 1.532788125429584460e-02 1.382591719761568604e-02 1.035036959572912564e-02
1.029287733058745501e-04 4.791768149116078231e-06 1.461492528674578050e-07 1.727939166132949119e-07 -6.649043985003425179e-07 5.218372695627409961e-05 -2.133779611499736791e-06 1.387364855974833847e-05 -2.440320300001110679e-07 -7.352610470652507004e-08 -6.994281203255958848e-08 -1.018124461741433092e-03 2.838232439210248135e-05 1.124032650449704286e-04 -2.496797728931287219e-04 -2.348831723893573674e-04 -4.514359208791800162e-04 -9.419228327075974136e-04 -8.990298996243501406e-04 -1.802716775685418715e-02 -1.478865315928217308e-02 -1.033310014125043280e-02 -9.356717028452133517e-03
-8.186890087034066421e-04 1.309069284451397711e-03 6.697873986355459895e-05 3.840819402791188325e-05 -3.969813063379382784e-04 -2.133779611499749073e-06 2.597635428045566228e-02 -3.442013340749297545e-03 1.412504526031563469e-05 3.121973881427198466e-06 -2.336187055662726116e-06 -5.447029971478509897e-02 -2.177907929130791216e-04 -5.356657936807051115e-03 1.024366921192474029e-02 6.421652272927950988e-03 4.162351661091795788e-03 -1.214063918354444825e-03 1.514465295439232535e-02 -7.543826396119651667e-01 -9.210527903673837447e-01 -8.909044255011719926e-01 -7.257830051211177080e-01
4.214164250376792385e-05 -3.340003753211809816e-05 -2.760829929291392397e-06 -9.499039748140443147e-07 1.126454119939097384e-05 1.387364855974834186e-05 -3.442013340749298413e-03 1.229015844908191340e-03 -3.634158600577285176e-06 -5.938539254424890432e-07 3.303019595146277302e-07 3.007853455832145903e-03 2.062978871184416199e-04 1.253922103716638772e-03 -1.608784408720662822e-03 2.633508737802548881e-04 -5.348639711389536555e-04 -7.269609396479485538e-04 -2.111625095991993221e-03 1.485229236230396765e-02 5.605218971696626640e-02 6.802424397278537815e-02 5.207265340243032170e-02
1.111733141069713910e-05 7.012378655398981477e-07 2.132230120966881559e-08 4.591221524759812664e-09 -1.855172551375882515e-07 -2.440320300001110679e-07 1.412504526031563469e-05 -3.634158600577285176e-06 6.018104421047891957e-06 -3.095364789907562139e-08 -7.808130291315842369e-09 -5.218026845734886513e-05 7.008835545010930330e-06 1.297120369578371347e-04 -7.286191248517930052e-05 -5.261201078641803401e-05 8.434967262837429883e-06 1.674085214483742739e-04 1.320061960490893395e-03 2.077875175793408716e-04 -9.915263733242828982e-04 -5.099234298232554552e-04 1.554562247302266990e-03
-4.720185031515189576e-08 4.642999145287112167e-08 5.462332208518161579e-09 7.221774533380973873e-10 -4.281244482873099625e-08 -7.352610470652509651e-08 3.121973881427198466e-06 -5.938539254424890432e-07 -3.095364789907562139e-08 3.941993765490471095e-07 -2.368311400065684443e-09 -5.158951654987980898e-04 8.300914664890397910e-06 1.066515875916997086e-04 -7.293636538160760030e-05 1.649382928699062224e-04 -1.616748297493692541e-04 2.684399012456566993e-05 2.235984123687055982e-04 2.133391493021826596e-03 -2.517369835834937491e-03 -1.876998504844990413e-03 -9.098035292566547137e-04
-8.101551895277589273e-08 -1.326782536817764055e-07 1.717341390541381723e-10 -2.265424248173021412e-09 3.747892516473168248e-08 -6.994281203255960171e-08 -2.336187055662726116e-06 3.303019595146277302e-07 -7.808130291315842369e-09 -2.368311400065684443e-09 4.003620233905215751e-07 1.569930376965675452e-03 -4.106367577276510830e-07 -2.521304249077664157e-05 2.411077211645804800e-05 9.709211453281828272e-06 -2.568817130779331768e-05 3.873067722560755697e-04 5.912617529955532152e-04 5.700560387424685347e-04 2.597929828977382861e-05 -4.816120352824803568e-04 -3.217050086517177481e-03
-1.844575546897751902e-03 -5.637450285721663790e-03 2.536529003981029089e-04 -3.599783248999824603e-06 1.406723796355984759e-03 -1.018124461741432658e-03 -5.447029971478509897e-02 3.007853455832151107e-03 -5.218026845734890579e-05 -5.158951654987979814e-04 1.569930376965675452e-03 1.551185464792463620e+02 -7.002852772210652055e-02 2.894001306224892600e-01 -4.467786096072129398e-01 5.961669303344281357e-01 6.260896517425170726e-01 -8.815499703277337673e+00 -7.215671931033483588e+01 5.936398224063173501e+01 2.583514022535232968e+01 -8.066533115444460122e+01 -4.397522339701876035e+02
7.705605912370079688e-05 9.739031742569559272e-05 3.225120056475585026e-06 1.188684358560461961e-06 -1.112586684365233709e-05 2.838232439210249151e-05 -2.177907929130792843e-04 2.062978871184416199e-04 7.008835545010932871e-06 8.300914664890396216e-06 -4.106367577276514536e-07 -7.002852772210650667e-02 8.101727422435647807e-02 -3.781992886598330422e-03 -1.713711551526169710e-03 -5.253368601540062133e-03 8.697121579026963895e-03 4.730060287955003412e-02 -5.524056830391801606e-03 -7.814588210300500437e-01 3.661835581904508974e-01 1.148332639243678344e+00 -2.537487737275790356e-01
2.305110297669199699e-04 -2.375536192510918859e-04 -2.677735588776272206e-05 -1.045379289225946088e-07 4.884240656389874887e-05 1.124032650449703879e-04 -5.356657936807050248e-03 1.253922103716638339e-03 1.297120369578371075e-04 1.066515875916997086e-04 -2.521304249077663140e-05 2.894001306224892045e-01 -3.781992886598333024e-03 4.406042471628468959e+00 -3.382455341502620616e+00 -2.614590944016862428e-01 8.774504671564838099e-02 1.269606994511850884e+00 9.632184452936255470e-01 -2.614983231607874359e+01 5.799043584137618446e+00 2.836421031160098849e+01 2.230294767061651484e+01
-1.412354702940122339e-03 -6.110239200243971960e-04 4.746104094286571402e-05 1.175140505684460860e-07 -1.301154446033964812e-04 -2.496797728931287219e-04 1.024366921192473856e-02 -1.608784408720663472e-03 -7.286191248517931407e-05 -7.293636538160760030e-05 2.411077211645804461e-05 -4.467786096072127733e-01 -1.713711551526169710e-03 -3.382455341502620616e+00 6.897176901576222541e+00 2.445480006125251848e-01 2.500327822569227421e-02 -9.489563740549494808e-01 -5.741105598907069174e-01 1.109253461289451259e+01 -1.394960818556453575e+01 -3.108323486691148929e+01 -2.568898663181375497e+01
-1.329609392140833953e-03 8.764910899663616931e-04 2.977776314081686615e-05 2.826636029767200416e-05 -1.450550122182694458e-04 -2.348831723893573132e-04 6.421652272927950988e-03 2.633508737802546713e-04 -5.261201078641804078e-05 1.649382928699062224e-04 9.709211453281824884e-06 5.961669303344280246e-01 -5.253368601540062133e-03 -2.614590944016862428e-01 2.445480006125252126e-01 3.455067967339120916e+00 4.774741934184820180e-01 -4.464856886822534147e-04 -2.656103289746917229e-01 -5.502578060201487098e+00 2.226144582123478877e+00 1.398786245622277047e+00 5.026246161323989492e-01
-1.486895746192701609e-03 1.215174292410234309e-04 2.811412962894048801e-05 3.093392277777686931e-06 -6.085344315620348044e-05 -4.514359208791801788e-04 4.162351661091797522e-03 -5.348639711389537640e-04 8.434967262837434965e-06 -1.616748297493692270e-04 -2.568817130779331768e-05 6.260896517425171837e-01 8.697121579026963895e-03 8.774504671564839486e-02 2.500327822569226727e-02 4.774741934184820735e-01 3.267626816974140702e+00 2.671185125688447126e+00 2.385342148492469949e+00 2.704679589671123097e+00 -7.030119305252933160e+00 -5.771513871777834481e+00 -4.743959263155108630e+00
-1.928139221364198394e-03 -5.526594348860373873e-04 3.368353564255068894e-05 -1.784550883009938547e-05 3.130476246598319879e-06 -9.419228327075971968e-04 -1.214063918354446776e-03 -7.269609396479486622e-04 1.674085214483742468e-04 2.684399012456567670e-05 3.873067722560754613e-04 -8.815499703277337673e+00 4.730060287955003412e-02 1.269606994511850884e+00 -9.489563740549493698e-01 -4.464856886822687562e-04 2.671185125688447126e+00 1.434594852121797182e+01 2.552660775674950955e+01 1.592782808139627804e+00 3.878273284676064137e+00 -2.593579965452693514e+01 -1.648062226400006836e+01
1.194723436814807733e-04 1.699526345373125530e-03 -3.892078580786137405e-05 -3.194146767118286512e-05 -4.875605219811260751e-04 -8.990298996243503574e-04 1.514465295439232188e-02 -2.111625095991992787e-03 1.320061960490893395e-03 2.235984123687055982e-04 5.912617529955532152e-04 -7.215671931033483588e+01 -5.524056830391785994e-03 9.632184452936253249e-01 -5.741105598907065843e-01 -2.656103289746917229e-01 2.385342148492469949e+00 2.552660775674950955e+01 7.682598500995852930e+01 -1.133165663834372694e+01 9.370945395793105481e-01 -1.654903370814317043e+01 1.075318195798622298e+02
-6.910409076167833842e-02 -1.746506472092262119e-01 -3.650768168379292695e-03 -3.160945386186719396e-03 1.398969327483250147e-02 -1.802716775685418715e-02 -7.543826396119651667e-01 1.485229236230396245e-02 2.077875175793410343e-04 2.133391493021826596e-03 5.700560387424686432e-04 5.936398224063174922e+01 -7.814588210300502658e-01 -2.614983231607874359e+01 1.109253461289451259e+01 -5.502578060201487098e+00 2.704679589671123097e+00 1.592782808139627804e+00 -1.133165663834372872e+01 2.350338159519775672e+03 1.726575250663113593e+03 1.464145484638291691e+03 1.356947227395740811e+03
-6.618830952437053383e-02 -1.717030832499525372e-01 -4.471114784206308389e-03 -3.072633551046521742e-03 1.532788125429584633e-02 -1.478865315928217308e-02 -9.210527903673836336e-01 5.605218971696624558e-02 -9.915263733242828982e-04 -2.517369835834937924e-03 2.597929828977381845e-05 2.583514022535233678e+01 3.661835581904508974e-01 5.799043584137618446e+00 -1.394960818556453397e+01 2.226144582123479321e+00 -7.030119305252931383e+00 3.878273284676062360e+00 9.370945395793125465e-01 1.726575250663113593e+03 1.999835339280156177e+03 1.933169321127024887e+03 1.804225055873105475e+03
-5.765253815036843615e-02 -1.613984782075170155e-01 -5.031890753469060382e-03 -2.915214309578902183e-03 1.382591719761568604e-02 -1.033310014125043107e-02 -8.909044255011717706e-01 6.802424397278537815e-02 -5.099234298232554552e-04 -1.876998504844990413e-03 -4.816120352824802484e-04 -8.066533115444460122e+01 1.148332639243678344e+00 2.836421031160098138e+01 -3.108323486691148929e+01 1.398786245622276603e+00 -5.771513871777835369e+00 -2.593579965452693514e+01 -1.654903370814317043e+01 1.464145484638291464e+03 1.933169321127024887e+03 2.412720577404511914e+03 2.618517087844353227e+03
-5.224906639937715314e-02 -1.504418626781222901e-01 -5.701468991168516520e-03 -2.895193544212568571e-03 1.035036959572912391e-02 -9.356717028452133517e-03 -7.257830051211175970e-01 5.207265340243034252e-02 1.554562247302266557e-03 -9.098035292566547137e-04 -3.217050086517178348e-03 -4.397522339701876035e+02 -2.537487737275790356e-01 2.230294767061651484e+01 -2.568898663181375497e+01 5.026246161323988382e-01 -4.743959263155109518e+00 -1.648062226400006836e+01 1.075318195798622298e+02 1.356947227395740811e+03 1.804225055873105475e+03 2.618517087844353227e+03 3.893696495457438232e+03
