# logA ns theta_MC_100 omegabh2 omegach2 tau a_tSZ a_kSZ a_p beta_p a_c beta_c a_s a_gtt a_gte a_gee a_psee a_pste xi T_d
1.103607338058200295e-04 5.604211537802411554e-06 2.605621857630850837e-07 1.178491516893057548e-07 -3.526972699657648272e-06 5.950564003412785636e-05 -8.898308874136664321e-05 -7.871992317513338720e-05 -1.760056657336323850e-04 3.866144230387791020e-06 1.508208600085934696e-04 2.166935650220057864e-05 1.387853854064950383e-05 -1.765109956172024807e-04 -2.691114245690084791e-06 -4.109364855829029349e-07 -1.786359841367584210e-06 -3.043936695519612368e-06 3.996084249306247820e-06 -1.250559230130925267e-04
5.604211537802411554e-06 7.863112141252647948e-06 1.272644579447593047e-07 -4.865535931471734798e-08 -1.481635179575788599e-06 6.313433726086638055e-06 -1.719214093711490156e-05 -4.149687819716192846e-06 -2.336315735703141348e-05 -2.150324258710898753e-06 1.711651337310703919e-05 8.206962232987729091e-06 4.095140779913828048e-06 -2.623601206195455156e-05 1.147726185534317753e-06 2.563066369620702089e-07 -3.369808499009614703e-07 2.138297120138302333e-06 4.478696673842157953e-07 -3.154152526848257422e-05
2.605621857630850837e-07 1.272644579447593047e-07 1.636197263919220362e-08 4.668271222946113463e-10 -3.902901649386282137e-08 1.830381232976422661e-07 4.973670519351363471e-07 3.971855201327818639e-07 5.096557265358427632e-07 -1.396422276318667563e-07 -3.047659060404841190e-07 -1.065508052168105565e-07 -1.315695487627098192e-07 5.229814617914483103e-07 1.922686876070088757e-09 1.690915422248456462e-09 -8.909394060645587454e-09 -2.622893847231181452e-08 -2.749383560592673760e-08 1.580400425686538518e-06
1.178491516893057548e-07 -4.865535931471734798e-08 4.668271222946113463e-10 4.265344570366453384e-09 -1.338039165683573255e-08 5.524350644091265390e-08 -6.910645250026581998e-07 -4.544463459775042106e-07 -9.974010533365995434e-07 1.476816379497739859e-07 4.469003716709671244e-07 1.948304255469336587e-07 1.384581920808339851e-07 -6.594568781074504252e-07 -7.777263245225552677e-08 -3.597788446920983707e-09 -2.995259540996222284e-08 -1.097066489911253991e-07 2.998766848698617137e-08 -1.681910469623180256e-06
-3.526972699657648272e-06 -1.481635179575788599e-06 -3.902901649386282137e-08 -1.338039165683573255e-08 6.997802506961885459e-07 -2.704655866521070012e-06 -2.884361207149476181e-06 -4.139238530672783778e-06 -7.374820051026142922e-06 1.959370017018425730e-06 5.463273961042255667e-06 -3.471293409513662837e-07 5.032839542960949124e-07 -3.274479730411919008e-06 2.001326418829114671e-07 -1.894171876331092159e-08 1.365307775731373844e-07 3.119934149109164628e-07 1.860097316749394233e-07 -1.142075612699546729e-05
5.950564003412785636e-05 6.313433726086638902e-06 1.830381232976422661e-07 5.524350644091265390e-08 -2.704655866521070012e-06 3.387263979833641148e-05 -4.200301093872567143e-05 -3.475926643543619712e-05 -8.458122219880207784e-05 -1.540969585036032402e-07 7.234454109619069164e-05 1.172115118739956976e-05 6.129188554937827570e-06 -8.675694656400388975e-05 -1.140475288004218078e-06 -1.001995505185043955e-07 -9.134545427073162148e-07 -1.220299934136223823e-06 1.852791421144675745e-06 -5.314068310026077372e-05
-8.898308874136664321e-05 -1.719214093711490156e-05 4.973670519351363471e-07 -6.910645250026581998e-07 -2.884361207149476181e-06 -4.200301093872566466e-05 6.557849575238390051e-03 -1.681776977481881739e-03 7.613190706027139895e-04 5.741422219172612933e-04 -2.466333652748130094e-04 -2.939024208948767293e-03 -2.454516829498835408e-03 5.579211385272425661e-03 2.640079747858706762e-05 3.133254292094829078e-06 1.642935812843826621e-05 -2.852535306259298476e-05 -1.298066346189479653e-04 1.337048825260332176e-02
-7.871992317513337365e-05 -4.149687819716191999e-06 3.971855201327817580e-07 -4.544463459775042106e-07 -4.139238530672783778e-06 -3.475926643543619712e-05 -1.681776977481881739e-03 7.853611572775542199e-03 -4.383234137786748766e-03 6.184899149723789569e-04 2.302967499449003804e-03 4.066856958510343457e-04 2.942760201282705232e-04 -1.783505492948282570e-03 1.233412146956186242e-05 -9.935346813295309849e-07 1.505773717957381160e-05 1.641524498631115152e-06 6.572119769711603230e-05 -5.332680197874050711e-03
-1.760056657336323579e-04 -2.336315735703142025e-05 5.096557265358424456e-07 -9.974010533365997552e-07 -7.374820051026141228e-06 -8.458122219880207784e-05 7.613190706027138811e-04 -4.383234137786748766e-03 5.576262660340874922e-02 -5.490323073948498445e-03 -4.395920246915030472e-02 7.628339377354880456e-03 4.929173140660937126e-04 1.354546068029918032e-02 1.829010664528317654e-05 -1.705129342453991361e-06 3.668739429623827470e-05 -1.369492052737897226e-05 1.706591273095657286e-04 -1.648620154335527291e-02
3.866144230387797796e-06 -2.150324258710898753e-06 -1.396422276318667828e-07 1.476816379497740124e-07 1.959370017018425730e-06 -1.540969585036026049e-07 5.741422219172614017e-04 6.184899149723789569e-04 -5.490323073948498445e-03 3.232737411088946588e-03 -2.338039291576534708e-04 -7.745126613393440605e-04 -3.516352504291542377e-04 5.875588695750131284e-03 1.902929125215662242e-05 7.742823676146731013e-07 -4.269305613506330746e-06 -4.044679988792679095e-06 -4.278976831636080268e-05 -1.463926203427137404e-02
1.508208600085936052e-04 1.711651337310703241e-05 -3.047659060404840131e-07 4.469003716709668068e-07 5.463273961042254820e-06 7.234454109619069164e-05 -2.466333652748124673e-04 2.302967499449004238e-03 -4.395920246915030472e-02 -2.338039291576534979e-04 5.515908776639739247e-02 -6.704021612733209769e-03 -4.749975172589570270e-04 -3.922871815365264886e-02 -5.847591391934354267e-05 2.722972820629196292e-07 -2.610562836305144291e-05 4.644461757701747059e-05 -1.754106254626702386e-04 3.254059505507374273e-02
2.166935650220058542e-05 8.206962232987729091e-06 -1.065508052168103976e-07 1.948304255469337117e-07 -3.471293409513669189e-07 1.172115118739957315e-05 -2.939024208948767293e-03 4.066856958510343457e-04 7.628339377354880456e-03 -7.745126613393440605e-04 -6.704021612733209769e-03 4.265312837457535013e-03 1.064505168284161441e-03 -2.778363647582987941e-03 1.407948803153000835e-06 -1.642797958877209102e-06 -3.745272029490070420e-06 1.095073589935299074e-05 -1.739092370537635932e-05 -2.224918839208287619e-02
1.387853854064950891e-05 4.095140779913828895e-06 -1.315695487627097927e-07 1.384581920808339851e-07 5.032839542960945948e-07 6.129188554937821641e-06 -2.454516829498835841e-03 2.942760201282705775e-04 4.929173140660937126e-04 -3.516352504291542377e-04 -4.749975172589570270e-04 1.064505168284161441e-03 1.275987313410927547e-03 -1.769005169254031723e-03 -1.684005222397412594e-06 -1.310807311521047192e-06 -3.845337622059379283e-06 2.894033006669066488e-06 3.295425578738376307e-05 -3.796414136835680065e-03
-1.765109956172025078e-04 -2.623601206195456850e-05 5.229814617914483103e-07 -6.594568781074504252e-07 -3.274479730411917737e-06 -8.675694656400388975e-05 5.579211385272423926e-03 -1.783505492948283004e-03 1.354546068029918032e-02 5.875588695750131284e-03 -3.922871815365264886e-02 -2.778363647582987941e-03 -1.769005169254031723e-03 6.346722243785000994e-02 6.645010585186952195e-05 4.913619892478350429e-06 2.419692977594945581e-05 -6.063285848694952278e-05 1.370798341996656909e-04 -7.641903106721892845e-03
-2.691114245690085638e-06 1.147726185534317753e-06 1.922686876070080899e-09 -7.777263245225552677e-08 2.001326418829114406e-07 -1.140475288004217866e-06 2.640079747858707439e-05 1.233412146956187597e-05 1.829010664528316638e-05 1.902929125215661903e-05 -5.847591391934354945e-05 1.407948803153004859e-06 -1.684005222397412594e-06 6.645010585186952195e-05 1.835144506900945297e-04 2.050158141314628233e-07 2.567779825599291039e-07 1.753821313498772984e-06 -3.622012209477248682e-07 -1.239547289753425595e-04
-4.109364855829034114e-07 2.563066369620702089e-07 1.690915422248454807e-09 -3.597788446920984120e-09 -1.894171876331094805e-08 -1.001995505185043690e-07 3.133254292094830348e-06 -9.935346813295290790e-07 -1.705129342453991361e-06 7.742823676146733131e-07 2.722972820629206350e-07 -1.642797958877209102e-06 -1.310807311521047192e-06 4.913619892478350429e-06 2.050158141314628233e-07 4.637576973691469078e-06 -1.791757630615052094e-07 1.615284686215004650e-07 -8.845886047794950402e-08 4.523723971225793801e-06
-1.786359841367584633e-06 -3.369808499009615232e-07 -8.909394060645589108e-09 -2.995259540996221622e-08 1.365307775731373579e-07 -9.134545427073161089e-07 1.642935812843826282e-05 1.505773717957381668e-05 3.668739429623826115e-05 -4.269305613506331593e-06 -2.610562836305143952e-05 -3.745272029490070420e-06 -3.845337622059378436e-06 2.419692977594946258e-05 2.567779825599294745e-07 -1.791757630615051564e-07 1.847162749294394758e-05 -6.624863984963861969e-07 -5.886785091666675420e-07 4.981982304136907885e-05
-3.043936695519613639e-06 2.138297120138301486e-06 -2.622893847231181452e-08 -1.097066489911253727e-07 3.119934149109164099e-07 -1.220299934136223611e-06 -2.852535306259298815e-05 1.641524498631107741e-06 -1.369492052737896718e-05 -4.044679988792682483e-06 4.644461757701747059e-05 1.095073589935299074e-05 2.894033006669066488e-06 -6.063285848694954989e-05 1.753821313498773196e-06 1.615284686215004915e-07 -6.624863984963863028e-07 5.725469838095925516e-05 1.000354678554373227e-06 -6.494701803838999563e-05
3.996084249306246973e-06 4.478696673842159011e-07 -2.749383560592673760e-08 2.998766848698617137e-08 1.860097316749393439e-07 1.852791421144676168e-06 -1.298066346189479382e-04 6.572119769711601874e-05 1.706591273095657286e-04 -4.278976831636080268e-05 -1.754106254626702386e-04 -1.739092370537635593e-05 3.295425578738376307e-05 1.370798341996656909e-04 -3.622012209477251329e-07 -8.845886047794949079e-08 -5.886785091666674361e-07 1.000354678554373227e-06 3.242104050242932529e-05 3.722270990047688325e-04
-1.250559230130924182e-04 -3.154152526848258778e-05 1.580400425686539576e-06 -1.681910469623180256e-06 -1.142075612699546390e-05 -5.314068310026067208e-05 1.337048825260331482e-02 -5.332680197874048976e-03 -1.648620154335527291e-02 -1.463926203427137404e-02 3.254059505507375660e-02 -2.224918839208287619e-02 -3.796414136835680065e-03 -7.641903106721892845e-03 -1.239547289753426137e-04 4.523723971225794648e-06 4.981982304136907885e-05 -6.494701803838999563e-05 3.722270990047688325e-04 2.500207090761036310e-01
