# logA ns theta_MC_100 omegabh2 omegach2 tau w0pwa w A_planck calib_100T calib_217T A_cib_217 xi_sz_cib A_sz ksz_norm gal545_A_100 gal545_A_143 gal545_A_143_217 gal545_A_217 ps_A_100_100 ps_A_143_143 ps_A_143_217 ps_A_217_217
3.249810824738200480e-04 -5.323387561871906892e-05 -2.148066567426847197e-06 -1.270294440637808914e-06 1.943014405927628982e-05 1.242978486646792414e-04 -6.985404704919813022e-04 -4.200031003874210697e-05 1.215563432651732911e-05 3.846897495247083781e-08 -6.603784656429236612e-08 -1.569531829979725276e-02 1.945252890118658973e-05 -9.854507905848028295e-04 4.352235940686072311e-04 -2.912532425938383534e-04 -7.302369668239525958e-04 1.524913526648898022e-03 1.072384140506609310e-02 -9.252951367094278123e-02 -9.187349084795697063e-02 -8.906107950611910629e-02 -4.577666555285388184e-02
-5.323387561871906892e-05 1.437693357683598647e-04 5.601555263214580447e-06 3.832186814399838669e-06 -3.480462489164910106e-05 7.944297080392550539e-06 1.006267750275904047e-03 1.368658876911709886e-04 1.452370830283402316e-06 6.357087681798151128e-08 -8.838475710787480640e-08 3.053340221302516550e-03 1.367112951434367623e-04 2.660573320887641389e-04 -2.039778867174865239e-03 1.176397987223955612e-03 7.034964589875050006e-05 -2.883687199163610746e-03 -6.048121403630491062e-03 -1.877029635844922884e-01 -1.912191585818440454e-01 -1.752219664183151671e-01 -1.804338752813182956e-01
-2.148066567426847197e-06 5.601555263214580447e-06 5.893054290769872642e-07 1.881190794720340847e-07 -1.439111958289738931e-06 1.091430660308634863e-07 3.171934810938978300e-05 1.032539203340871846e-05 1.208125340376884547e-07 1.214450958060617787e-09 -4.336422568095934740e-09 4.047473133300192173e-05 5.827732882705971229e-06 2.954987147564487387e-05 -6.830022028058613693e-05 3.255084443593548145e-05 1.007302822118858822e-05 -2.855711279785517069e-05 -7.679665979563978287e-05 -4.191268489626867426e-03 -4.377575924818423968e-03 -4.082341994937988515e-03 -4.180191402932921171e-03
-1.270294440637808914e-06 3.832186814399838669e-06 1.881190794720340847e-07 1.497163923414820288e-07 -9.686788098653447772e-07 2.224949947190915715e-07 1.799754643951848206e-05 7.074124512968645426e-06 5.600423367417741955e-08 3.083870921482293167e-09 -3.312428435082549382e-09 7.561351795433451537e-05 2.762727089626715593e-06 2.562193656758484622e-05 -5.227984752271038350e-05 3.250250885962974797e-05 5.758169496526384048e-06 -4.944818169231622661e-05 -1.240124300947433803e-04 -3.550459649355958928e-03 -3.557789157307189847e-03 -3.141968184502176315e-03 -3.274295399421607751e-03
1.943014405927628982e-05 -3.480462489164910106e-05 -1.439111958289738931e-06 -9.686788098653447772e-07 1.062250437937349012e-05 -1.445970000560977874e-06 -2.873050267966333407e-04 -4.517818345309415336e-05 -4.730864266709333305e-07 -4.938441786135406213e-08 1.396372393610328698e-08 -1.429460558410405608e-03 -1.804582761713475765e-05 -8.086003371824788814e-05 2.443301916007232025e-04 -1.985076426366168289e-04 -3.758708244220847357e-05 5.082797048583879550e-04 1.452507053772585793e-03 1.706458669371584483e-02 1.990501616564205670e-02 1.830890416226401557e-02 2.097127041852335158e-02
1.242978486646792414e-04 7.944297080392550539e-06 1.091430660308634466e-07 2.224949947190915715e-07 -1.445970000560977874e-06 6.302616019663241068e-05 5.885106712851170265e-05 -1.660221556801756554e-06 3.731497670291731693e-07 -2.435058135602117559e-08 -3.858997408347492004e-08 -4.385285020090641875e-03 1.186506584711551963e-05 -2.633307703889166559e-04 2.151622384915763387e-04 2.481203915907747291e-04 -1.093497345583557779e-04 4.132342308809909830e-04 2.392669031924751950e-03 -3.365182472346493758e-02 -3.304199623373066386e-02 -3.281245624680527440e-02 -2.150361559887869339e-02
-6.985404704919813022e-04 1.006267750275904047e-03 3.171934810938978300e-05 1.799754643951848206e-05 -2.873050267966333407e-04 5.885106712851172298e-05 2.708761814024216452e-01 -6.728854636921940968e-02 3.378217397598625724e-06 1.307104028542099338e-06 -9.057738901094666189e-06 1.088906315401529240e-01 1.083447727750664171e-03 -2.487938563865964639e-03 -6.059540188132764987e-03 2.205642635422291886e-02 6.294948103187289305e-03 -3.740936554147537840e-02 -1.125463854704328304e-01 9.257107057243580961e-01 9.423233046330395934e-01 9.288832637184346597e-01 6.405578101744437980e-01
-4.200031003874209342e-05 1.368658876911709886e-04 1.032539203340871846e-05 7.074124512968645426e-06 -4.517818345309416013e-05 -1.660221556801762907e-06 -6.728854636921940968e-02 1.982620268789335449e-02 1.489045298944278311e-06 -5.831097796122138718e-08 2.236048363506056505e-06 -2.613277243008747114e-02 7.190279406351129173e-05 1.226264823661453191e-03 -1.066796812354431833e-03 -3.723180754878540732e-03 -1.317826069659034207e-04 9.584626353105604388e-03 2.698692023524816921e-02 -4.502185579058363696e-01 -4.856988183433728623e-01 -4.603258464899852020e-01 -3.872042349566480746e-01
1.215563432651732911e-05 1.452370830283402316e-06 1.208125340376884547e-07 5.600423367417741955e-08 -4.730864266709333305e-07 3.731497670291731693e-07 3.378217397598628265e-06 1.489045298944278523e-06 6.088224979879024198e-06 -1.659747402903562955e-08 3.477350292604580447e-09 3.218922008383833409e-06 9.547572302753420535e-07 -2.616235346919596795e-05 4.914489733000605845e-05 3.295101673350005494e-06 -1.627517104373637755e-06 2.703077840825107164e-05 1.104369201987352419e-03 1.490902467803675033e-03 -7.791593157858356031e-04 -5.303973263895601789e-04 1.850812188825562464e-03
3.846897495247083781e-08 6.357087681798151128e-08 1.214450958060617787e-09 3.083870921482293167e-09 -4.938441786135406213e-08 -2.435058135602118551e-08 1.307104028542099126e-06 -5.831097796122125483e-08 -1.659747402903562955e-08 3.918707142778023192e-07 3.301697860278312220e-09 -6.093558462599761669e-04 3.205599507532291038e-06 9.761342370968241369e-05 -7.351978722933767869e-05 1.753379675249252948e-04 -1.676258835024631874e-04 -2.305377029626686034e-05 1.941140073297160766e-04 2.461926138247762762e-03 -2.326490460417390046e-03 -1.427903952746764843e-03 -9.896478368089240676e-05
-6.603784656429236612e-08 -8.838475710787480640e-08 -4.336422568095934740e-09 -3.312428435082549382e-09 1.396372393610328698e-08 -3.858997408347490019e-08 -9.057738901094666189e-06 2.236048363506056505e-06 3.477350292604580447e-09 3.301697860278312220e-09 3.977461986121084094e-07 1.447977129817217988e-03 -3.761040608425597629e-07 -2.249264790437567916e-05 1.691923754133650698e-05 1.611633834617282876e-05 -2.963216984801614161e-05 3.459836529886145258e-04 6.149987135614709338e-04 3.951915817385802453e-04 -1.256780379047640428e-04 -2.830143986511854111e-04 -2.899890946080055029e-03
-1.569531829979725276e-02 3.053340221302516550e-03 4.047473133300188785e-05 7.561351795433451537e-05 -1.429460558410405825e-03 -4.385285020090642742e-03 1.088906315401529379e-01 -2.613277243008747114e-02 3.218922008383833409e-06 -6.093558462599761669e-04 1.447977129817217988e-03 1.538189883400797271e+02 -1.276606330900707242e-01 -3.927100768583621782e-01 -3.504054564198577637e-01 3.966781915921399060e-01 4.781783251873792384e-01 -8.745559913755087678e+00 -7.146066809111695761e+01 5.168533703396449397e+01 1.864528177992225721e+01 -9.246631853881356733e+01 -4.478952186533189206e+02
1.945252890118658973e-05 1.367112951434367623e-04 5.827732882705972076e-06 2.762727089626715593e-06 -1.804582761713475765e-05 1.186506584711552810e-05 1.083447727750664604e-03 7.190279406351125107e-05 9.547572302753429005e-07 3.205599507532291038e-06 -3.761040608425593394e-07 -1.276606330900707520e-01 8.393064644614621483e-02 -4.024330152639313957e-03 5.225275895589316828e-03 -1.389000996941311926e-02 1.951105051734057646e-03 3.693469388672183940e-02 -7.209699246153898448e-03 -5.691147327830710090e-01 5.784656410982825792e-01 1.392059484874067499e+00 7.560448263365540655e-02
-9.854507905848028295e-04 2.660573320887640847e-04 2.954987147564488065e-05 2.562193656758484622e-05 -8.086003371824794235e-05 -2.633307703889166559e-04 -2.487938563865962904e-03 1.226264823661452107e-03 -2.616235346919589680e-05 9.761342370968244080e-05 -2.249264790437567916e-05 -3.927100768583621782e-01 -4.024330152639306150e-03 4.438526866794528125e+00 -3.352149594693420109e+00 -2.398135664914458620e-01 2.132417310787029507e-01 1.536637469743962425e+00 1.355194055151218713e+00 -2.822062148052040342e+01 3.874904542386140349e+00 2.693893100017669084e+01 2.307094196643819117e+01
4.352235940686072311e-04 -2.039778867174865239e-03 -6.830022028058613693e-05 -5.227984752271040383e-05 2.443301916007231483e-04 2.151622384915762574e-04 -6.059540188132760651e-03 -1.066796812354431833e-03 4.914489733000607877e-05 -7.351978722933767869e-05 1.691923754133651037e-05 -3.504054564198579302e-01 5.225275895589322900e-03 -3.352149594693420109e+00 6.736724931839606079e+00 1.387891879044486632e-01 -2.475373386661673392e-01 -1.122352490514345602e+00 -6.729726512203277888e-01 1.473562503877613850e+01 -8.906675459559572516e+00 -2.638758398319847487e+01 -2.200012701726356212e+01
-2.912532425938383534e-04 1.176397987223955612e-03 3.255084443593548145e-05 3.250250885962974797e-05 -1.985076426366168289e-04 2.481203915907747833e-04 2.205642635422291886e-02 -3.723180754878540732e-03 3.295101673350018623e-06 1.753379675249252948e-04 1.611633834617282876e-05 3.966781915921399060e-01 -1.389000996941311926e-02 -2.398135664914458620e-01 1.387891879044486632e-01 3.501357693350379829e+00 4.835302314088993358e-01 2.647843078061799527e-01 4.351753522546939479e-01 -6.358105491621705241e+00 1.128398956639684814e+00 -1.605810261474873157e-01 -1.092322802469381848e+00
-7.302369668239528126e-04 7.034964589875048651e-05 1.007302822118858822e-05 5.758169496526384048e-06 -3.758708244220845324e-05 -1.093497345583557102e-04 6.294948103187287571e-03 -1.317826069659037730e-04 -1.627517104373629073e-06 -1.676258835024631874e-04 -2.963216984801614161e-05 4.781783251873792939e-01 1.951105051734057213e-03 2.132417310787029507e-01 -2.475373386661673392e-01 4.835302314088993358e-01 3.254599404922651207e+00 2.643159813228699306e+00 2.538410846707785051e+00 3.724737717133156156e+00 -5.142353882088761097e+00 -3.347160009711116935e+00 -2.767964087606432422e+00
1.524913526648898022e-03 -2.883687199163610746e-03 -2.855711279785516391e-05 -4.944818169231622661e-05 5.082797048583878466e-04 4.132342308809909830e-04 -3.740936554147537840e-02 9.584626353105602653e-03 2.703077840825108858e-05 -2.305377029626685695e-05 3.459836529886145258e-04 -8.745559913755089454e+00 3.693469388672183940e-02 1.536637469743962425e+00 -1.122352490514345602e+00 2.647843078061799527e-01 2.643159813228699306e+00 1.411549663538760768e+01 2.523479303647159355e+01 4.307030974664856515e+00 1.136227979246079833e+01 -1.679767511074413378e+01 -8.592144596106084720e+00
1.072384140506609136e-02 -6.048121403630489328e-03 -7.679665979563979642e-05 -1.240124300947433803e-04 1.452507053772585793e-03 2.392669031924752384e-03 -1.125463854704327887e-01 2.698692023524816921e-02 1.104369201987352419e-03 1.941140073297161308e-04 6.149987135614709338e-04 -7.146066809111695761e+01 -7.209699246153900183e-03 1.355194055151218713e+00 -6.729726512203278999e-01 4.351753522546938924e-01 2.538410846707785051e+00 2.523479303647159355e+01 7.608607908283057952e+01 -1.618105777563974557e-01 1.692259085541012809e+01 2.942415173851203658e+00 1.251624730340204223e+02
-9.252951367094278123e-02 -1.877029635844923161e-01 -4.191268489626867426e-03 -3.550459649355958928e-03 1.706458669371584483e-02 -3.365182472346493758e-02 9.257107057243583181e-01 -4.502185579058364251e-01 1.490902467803675250e-03 2.461926138247762762e-03 3.951915817385802995e-04 5.168533703396449397e+01 -5.691147327830707869e-01 -2.822062148052040342e+01 1.473562503877613850e+01 -6.358105491621705241e+00 3.724737717133156600e+00 4.307030974664859180e+00 -1.618105777564004533e-01 2.363105422925006224e+03 1.727647092699588939e+03 1.432357462752838728e+03 1.310476060611695402e+03
-9.187349084795697063e-02 -1.912191585818440454e-01 -4.377575924818423100e-03 -3.557789157307189847e-03 1.990501616564206017e-02 -3.304199623373066386e-02 9.423233046330393714e-01 -4.856988183433730288e-01 -7.791593157858352778e-04 -2.326490460417390046e-03 -1.256780379047641783e-04 1.864528177992226077e+01 5.784656410982824681e-01 3.874904542386141681e+00 -8.906675459559572516e+00 1.128398956639684148e+00 -5.142353882088761097e+00 1.136227979246079656e+01 1.692259085541012809e+01 1.727647092699588939e+03 1.992473643392243503e+03 1.879260609024469204e+03 1.740763587470884204e+03
-8.906107950611910629e-02 -1.752219664183151948e-01 -4.082341994937988515e-03 -3.141968184502176315e-03 1.830890416226401557e-02 -3.281245624680527440e-02 9.288832637184346597e-01 -4.603258464899852020e-01 -5.303973263895595284e-04 -1.427903952746764843e-03 -2.830143986511854111e-04 -9.246631853881356733e+01 1.392059484874067721e+00 2.693893100017669084e+01 -2.638758398319847487e+01 -1.605810261474873157e-01 -3.347160009711117379e+00 -1.679767511074413378e+01 2.942415173851201438e+00 1.432357462752838728e+03 1.879260609024469204e+03 2.314388977476503442e+03 2.522034790227885878e+03
-4.577666555285388184e-02 -1.804338752813182956e-01 -4.180191402932921171e-03 -3.274295399421607751e-03 2.097127041852335158e-02 -2.150361559887869339e-02 6.405578101744439090e-01 -3.872042349566480746e-01 1.850812188825562031e-03 -9.896478368089243387e-05 -2.899890946080054162e-03 -4.478952186533189206e+02 7.560448263365548982e-02 2.307094196643819117e+01 -2.200012701726356212e+01 -1.092322802469381182e+00 -2.767964087606431978e+00 -8.592144596106086496e+00 1.251624730340204223e+02 1.310476060611695402e+03 1.740763587470884204e+03 2.522034790227885878e+03 3.781636775684222812e+03
