# logA ns thetastar omegabh2 omegach2 tau a_tSZ a_kSZ a_p beta_p a_c beta_c a_s a_gtt xi T_d a_gte a_pste a_gee a_psee
1.252549256751895939e-04 6.618052747139967123e-06 2.759882759217159624e-07 1.647846083408993254e-07 -4.034993412260151497e-06 6.745969330180044265e-05 -2.302627993447548958e-04 -3.504838494228055970e-05 6.720765392058153809e-05 -1.747340147386117502e-05 -1.339629596634448231e-04 3.460710264848155485e-05 5.558297711789028618e-05 -3.640546895443699750e-05 2.367945827638000427e-05 2.130167242939993714e-05 -4.263091380113478238e-06 -2.261954242898053061e-06 -9.207874683662235906e-07 -3.128877774331098689e-06
6.618052747139967123e-06 8.086033187526317010e-06 1.448548767111656424e-07 -4.703368515214804004e-08 -1.544937680896106771e-06 6.881649283427483602e-06 -2.634307065012760920e-05 -5.709602332851502663e-06 1.271365660225521425e-05 -2.103887500808879895e-06 -9.378156939635700791e-06 8.208482491017017279e-06 6.125160210940083438e-06 -2.069929808714874461e-05 3.104725842266009043e-06 -4.599352813928902784e-05 4.133320528807886809e-07 2.383841638286195072e-06 1.968915768657071362e-08 -4.793851173848922230e-07
2.759882759217159624e-07 1.448548767111656424e-07 1.728832655730886505e-08 -3.176668251985952820e-10 -4.291063219277254393e-08 1.989677902684374642e-07 1.277741581886240855e-06 2.364932103262303386e-07 2.371865989311164414e-07 6.439556904223961532e-08 5.024282017879410358e-07 -1.746079312930920464e-07 -3.254753963796142811e-07 3.916917859206778682e-08 -1.206970050975983956e-07 -2.590699457400534954e-07 -4.418068002283194607e-08 1.602445273398334447e-08 -1.784489599344291141e-08 -8.741128355575982196e-09
1.647846083408993254e-07 -4.703368515214804004e-08 -3.176668251985952820e-10 4.456756325889470095e-09 -1.380459402875485263e-08 7.901531359593662795e-08 -1.520363572547559450e-06 -1.088817929939906705e-07 7.989289328325530364e-08 -3.362486092482461861e-08 -5.173107133131188682e-07 1.482205669912195557e-07 4.092625886402016011e-07 -5.025361150896549314e-07 1.581808021338104817e-07 -3.372620307660470906e-08 -1.214666705682249115e-07 -1.264972060172308510e-07 -8.578353620911818406e-09 -3.782953755335233398e-08
-4.034993412260151497e-06 -1.544937680896106771e-06 -4.291063219277254393e-08 -1.380459402875485263e-08 7.628839119366290338e-07 -3.024992161649276259e-06 -7.625280026038117158e-06 -1.502503741015966497e-06 -9.630069848979189804e-06 8.164164562199529195e-08 5.585809368340670774e-06 -2.005136839731340570e-07 1.312111228555136046e-06 -3.313329606972146209e-06 7.240099443607467179e-07 4.176081730227073577e-06 7.925516115282614748e-07 4.532640319231735675e-07 1.041222371459487105e-07 2.042528000238872937e-07
6.745969330180044265e-05 6.881649283427484449e-06 1.989677902684374642e-07 7.901531359593662795e-08 -3.024992161649276259e-06 3.815098237253411473e-05 -1.069405213304717555e-04 -1.885347168909056825e-05 4.255490316623864860e-05 -8.149497914538553203e-06 -7.252687473152383062e-05 1.758247519359510747e-05 2.583387825969384377e-05 -1.092478459685588319e-05 1.129233394977662639e-05 -2.345194284748614099e-06 -2.690521048851902140e-06 -8.614029814102613987e-07 -4.845917528686177054e-07 -1.640780528341508982e-06
-2.302627993447548958e-04 -2.634307065012760920e-05 1.277741581886240855e-06 -1.520363572547559450e-06 -7.625280026038117158e-06 -1.069405213304717555e-04 1.145654800897406844e-02 -4.933190381715897230e-03 -2.116873689285717064e-03 1.012199557852565008e-03 3.104700805030418797e-03 -2.216773186450029902e-03 -3.904348837339557694e-03 4.469596977593295536e-03 -8.548737289459515864e-04 4.725309037294780565e-03 1.450028031953753407e-05 -2.303431276395766019e-05 -1.194782709973442916e-06 3.752664125705295061e-05
-3.504838494228056648e-05 -5.709602332851502663e-06 2.364932103262303122e-07 -1.088817929939906705e-07 -1.502503741015966497e-06 -1.885347168909056825e-05 -4.933190381715897230e-03 1.264909105562044001e-02 -2.354901631556736551e-03 1.419211748722762584e-04 -4.717748943486133962e-04 3.261606891228841171e-04 9.269562676286616839e-04 -4.467092785494480422e-04 6.089654404286263438e-04 -8.023882000340327569e-04 5.210530706281518731e-06 1.322120452082151695e-05 -4.464813215504485396e-06 5.254418188582301642e-06
6.720765392058153809e-05 1.271365660225521425e-05 2.371865989311164414e-07 7.989289328325530364e-08 -9.630069848979189804e-06 4.255490316623864182e-05 -2.116873689285717064e-03 -2.354901631556736551e-03 5.525224323478567651e-02 -5.877250493990484465e-03 -4.111488363784024380e-02 7.443821993801499198e-03 1.017939059416096649e-03 3.172103030041360794e-03 5.884442952689513577e-04 -1.135993327748609054e-02 2.611113226628872613e-05 -3.658028043475965494e-05 -2.202627830386364336e-05 -4.915996272897770701e-07
-1.747340147386117502e-05 -2.103887500808879895e-06 6.439556904223961532e-08 -3.362486092482461861e-08 8.164164562199529195e-08 -8.149497914538553203e-06 1.012199557852565008e-03 1.419211748722762584e-04 -5.877250493990484465e-03 1.974020533206291127e-03 1.944489394267921462e-03 -1.122938540755163061e-03 -3.951112083665289654e-04 4.433513907941688884e-03 -1.286245825870105147e-04 -5.748332066981005038e-03 2.131805606812166735e-05 1.572917167296149108e-06 1.707968296634446286e-06 4.512527349346555477e-06
-1.339629596634448231e-04 -9.378156939635700791e-06 5.024282017879410358e-07 -5.173107133131188682e-07 5.585809368340670774e-06 -7.252687473152383062e-05 3.104700805030418797e-03 -4.717748943486132877e-04 -4.111488363784024380e-02 1.944489394267921462e-03 5.123165910817110286e-02 -5.494708218067064463e-03 -1.065269202470531858e-03 -3.490696167181236292e-02 -6.029448644781968238e-04 8.562780167213592669e-03 -9.901423402596838804e-05 4.177761800976374931e-05 3.500295135258975923e-05 6.699963289738519068e-06
3.460710264848155485e-05 8.208482491017017279e-06 -1.746079312930920464e-07 1.482205669912195557e-07 -2.005136839731340570e-07 1.758247519359510408e-05 -2.216773186450029902e-03 3.261606891228841171e-04 7.443821993801499198e-03 -1.122938540755163061e-03 -5.494708218067064463e-03 4.643364519270293082e-03 7.667468881399677185e-04 -7.819356371085883772e-03 -1.726509115537563281e-04 -2.195461025000156746e-02 -2.287421088238632640e-06 -1.507833078186849832e-05 1.236906322061853550e-06 -3.307679089966122776e-06
5.558297711789028618e-05 6.125160210940083438e-06 -3.254753963796142811e-07 4.092625886402016011e-07 1.312111228555136046e-06 2.583387825969384377e-05 -3.904348837339557694e-03 9.269562676286616839e-04 1.017939059416096649e-03 -3.951112083665289654e-04 -1.065269202470531858e-03 7.667468881399677185e-04 1.840082171046222804e-03 -1.382845037316931180e-03 2.266308873804548059e-04 -1.518833090508784527e-03 -7.913827806594724498e-06 -4.537660807483784143e-06 1.427150520280337993e-06 -5.896002117444271234e-06
-3.640546895443696362e-05 -2.069929808714874122e-05 3.916917859206785961e-08 -5.025361150896547196e-07 -3.313329606972144939e-06 -1.092478459685587641e-05 4.469596977593294669e-03 -4.467092785494480422e-04 3.172103030041360794e-03 4.433513907941688884e-03 -3.490696167181236292e-02 -7.819356371085883772e-03 -1.382845037316931180e-03 9.212101095060544476e-02 8.040178071857252392e-04 3.051792620772271827e-02 1.296736440048124940e-04 -1.060256661288188956e-05 -1.926949662651765503e-05 1.756519239486350786e-05
2.367945827638000427e-05 3.104725842266009043e-06 -1.206970050975984221e-07 1.581808021338105081e-07 7.240099443607467179e-07 1.129233394977662639e-05 -8.548737289459515864e-04 6.089654404286263438e-04 5.884442952689512493e-04 -1.286245825870105147e-04 -6.029448644781968238e-04 -1.726509115537563281e-04 2.266308873804548059e-04 8.040178071857254560e-04 1.826707055488544591e-04 1.795476464611741717e-03 2.974849857759818832e-06 4.265617286007033442e-06 -1.439361868399515258e-07 -5.042054638433211994e-06
2.130167242939993714e-05 -4.599352813928902784e-05 -2.590699457400534425e-07 -3.372620307660470906e-08 4.176081730227073577e-06 -2.345194284748618757e-06 4.725309037294781432e-03 -8.023882000340327569e-04 -1.135993327748609054e-02 -5.748332066981005038e-03 8.562780167213592669e-03 -2.195461025000156746e-02 -1.518833090508784527e-03 3.051792620772271827e-02 1.795476464611741717e-03 2.046159044851116326e-01 -9.467122731967044067e-05 7.614139314870108251e-05 -5.859839975926005442e-05 -2.130110786369051175e-05
-4.263091380113479085e-06 4.133320528807886280e-07 -4.418068002283193945e-08 -1.214666705682249115e-07 7.925516115282614748e-07 -2.690521048851902140e-06 1.450028031953754423e-05 5.210530706281517884e-06 2.611113226628871935e-05 2.131805606812166735e-05 -9.901423402596838804e-05 -2.287421088238632640e-06 -7.913827806594721110e-06 1.296736440048124669e-04 2.974849857759818832e-06 -9.467122731967044067e-05 2.530152046759594924e-04 9.423732872306955319e-06 6.830908802809977012e-07 2.439921391731274794e-06
-2.261954242898053061e-06 2.383841638286195072e-06 1.602445273398333454e-08 -1.264972060172308510e-07 4.532640319231735675e-07 -8.614029814102613987e-07 -2.303431276395766019e-05 1.322120452082151018e-05 -3.658028043475966171e-05 1.572917167296151437e-06 4.177761800976374931e-05 -1.507833078186849324e-05 -4.537660807483785837e-06 -1.060256661288189126e-05 4.265617286007033442e-06 7.614139314870109606e-05 9.423732872306957013e-06 6.368358173808871066e-05 -6.537343986739988437e-08 2.102679809427070102e-09
-9.207874683662235906e-07 1.968915768657071362e-08 -1.784489599344291141e-08 -8.578353620911818406e-09 1.041222371459487105e-07 -4.845917528686178113e-07 -1.194782709973442916e-06 -4.464813215504485396e-06 -2.202627830386364336e-05 1.707968296634446286e-06 3.500295135258975923e-05 1.236906322061853127e-06 1.427150520280337993e-06 -1.926949662651765503e-05 -1.439361868399517376e-07 -5.859839975926005442e-05 6.830908802809977012e-07 -6.537343986739983143e-08 5.994960988193329903e-06 1.872763671090785439e-07
-3.128877774331098689e-06 -4.793851173848922230e-07 -8.741128355575980541e-09 -3.782953755335233398e-08 2.042528000238873202e-07 -1.640780528341508982e-06 3.752664125705295061e-05 5.254418188582303336e-06 -4.915996272897759054e-07 4.512527349346555477e-06 6.699963289738513986e-06 -3.307679089966122776e-06 -5.896002117444272928e-06 1.756519239486351125e-05 -5.042054638433211994e-06 -2.130110786369050158e-05 2.439921391731274794e-06 2.102679809427214859e-09 1.872763671090784645e-07 1.675682990933335340e-05
