1.171487000883730128e-04 7.173088828076134400e-06 1.583171758328028814e-03 1.392409043791049133e-07 -3.994478680425522454e-06 6.368652054969567401e-05 -2.059375041956668291e-04 -1.698808364102624477e-05 -8.301850506153252390e-05 2.267203050322864484e-05 -3.071188999636241274e-05 2.259643385541841720e-05 5.095706843992449744e-05 -3.269152215162540666e-05 2.044932811658568004e-05 -2.337009549650994993e-04 -9.272431262530747509e-07 1.973217047219671925e-07 -1.386169021868110224e-06 -2.034692615336911775e-06 -2.001441469342886126e-06 -2.118776711015511391e-05 2.483902488884718693e-13 2.483902488884718695e-04 6.874413814206422994e-03 6.874413814206422994e-03 -2.187243958450253364e-02 -2.187243958450253364e-02
7.173088828076134400e-06 8.168239787974136600e-06 5.761736118387323757e-04 -4.461764428559700578e-08 -1.597147065571998251e-06 7.191974654989012279e-06 -2.217400768353290552e-05 -1.727475329361782250e-05 4.248078466422990611e-05 -6.936119361477513764e-06 -1.671778447778245660e-05 2.967812571915469140e-06 5.288053325412129193e-06 -2.766520649227939476e-05 3.362422580237615556e-06 1.169020634658144518e-05 -2.122319039437076329e-08 2.037007000837799147e-06 9.386597701087911997e-09 -3.586851449743752502e-07 -9.369536029138368731e-07 -8.016418087640765272e-06 1.521933528617833985e-14 1.521933528617834915e-05 7.759197082701718099e-04 7.759197082701718099e-04 -1.588716031098577706e-03 -1.588716031098577706e-03
1.583171758328028814e-03 5.761736118387323757e-04 1.195119239437277964e-01 7.837577740934253910e-06 -3.008540291128290940e-04 1.166934594897371929e-03 3.480921796580132253e-03 -1.252091555081090348e-04 5.508502071832148059e-03 -1.821242112750184829e-04 -2.556795281404726072e-03 6.691311100008229045e-04 -1.021283544183863336e-03 -4.798101457595913564e-04 -3.428589970000297648e-04 -5.431765272581133737e-03 1.307415271470719829e-05 -2.235028506285186207e-04 -4.214193420100603124e-05 -4.962418309835224658e-05 -1.568380758910248741e-04 -1.596873071725281703e-03 3.357633578928975983e-12 3.357633578928975130e-03 1.261612650691651960e-01 1.261612650691651960e-01 -2.452778739713044331e-01 -2.452778739713044331e-01
1.392409043791049133e-07 -4.461764428559700578e-08 7.837577740934253910e-06 4.373270751700057129e-09 -1.211186321711971105e-08 6.349065141307423869e-08 -1.494292837390862285e-06 -2.887849700636112729e-07 -3.470802247481806821e-07 -1.767075739067071821e-08 4.681701266483447165e-08 4.373622609062824115e-07 2.846886263403606905e-07 -1.536890976068521087e-06 1.340092022637037075e-07 -2.118295264429407464e-06 -1.594524306705880389e-08 -1.128661758371640994e-07 -7.629808807288982972e-09 -2.390320508281222240e-08 -1.806187829045660216e-09 -8.809270935633804902e-08 2.959143097090178313e-16 2.959143097090177905e-07 8.401124813763883990e-06 8.401124813763883990e-06 -2.397428608009034333e-05 -2.397428608009034333e-05
-3.994478680425522454e-06 -1.597147065571998251e-06 -3.008540291128290940e-04 -1.211186321711971105e-08 7.836948950440439335e-07 -3.014077752874995886e-06 -1.194993986363316899e-05 2.944393466392850324e-07 -1.436295899918411827e-05 4.738782343540948230e-07 5.993072324586484166e-06 -1.020134717006989320e-06 3.127892728305329154e-06 -1.019095240257825399e-06 1.183936447077953264e-06 1.082919114154276808e-05 -6.775617652862328779e-08 3.712081157811935971e-07 9.664517234385647072e-08 8.845496860789513475e-08 4.116028149521928785e-07 4.078108392393593259e-06 -8.470110936911244826e-15 -8.470110936911245120e-06 -3.200742939547636325e-04 -3.200742939547636325e-04 6.126021270035157370e-04 6.126021270035157370e-04
6.368652054969567401e-05 7.191974654989012279e-06 1.166934594897371929e-03 6.349065141307423869e-08 -3.014077752874995886e-06 3.638045383531721426e-05 -9.083549240698822426e-05 -1.385679447915313427e-05 -2.309459578579151014e-05 1.028844580282217714e-05 -2.223252497133257585e-05 1.064242153490276044e-05 2.163681851736997237e-05 -1.486082242673562770e-05 9.537635414873165494e-06 -1.163001458804557267e-04 -3.566377538477343412e-07 3.932936147135053273e-07 -7.056001304584745957e-07 -1.025692058652293266e-06 -1.560839447716330468e-06 -1.576663830347628883e-05 1.350416756639839773e-13 1.350416756639840146e-04 3.936623318978592877e-03 3.936623318978592877e-03 -1.177333394610882884e-02 -1.177333394610882884e-02
-2.059375041956668291e-04 -2.217400768353290552e-05 3.480921796580132253e-03 -1.494292837390862285e-06 -1.194993986363316899e-05 -9.083549240698822426e-05 1.155918993519836589e-02 -4.663551548190402081e-03 -8.924176197436686601e-04 9.878759519289291666e-04 1.187973839241446240e-03 -2.077850284771331959e-03 -3.903772348933870311e-03 6.334307816086393733e-03 -8.583332857823342899e-04 4.400392220962064983e-03 2.555120740177426551e-05 -2.367142957476875946e-05 4.417170381286302065e-06 2.624052268147957921e-05 -8.358472744672516965e-06 -5.350995118844383816e-05 -4.373711196554177651e-13 -4.373711196554181529e-04 -6.442058633703087039e-03 -6.442058633703087039e-03 2.168286205688207263e-02 2.168286205688207263e-02
-1.698808364102624477e-05 -1.727475329361782250e-05 -1.252091555081090348e-04 -2.887849700636112729e-07 2.944393466392850324e-07 -1.385679447915313427e-05 -4.663551548190402081e-03 1.271487611969788004e-02 -2.792124250120436944e-03 1.141775532773821084e-04 8.342944618918780083e-04 4.167815122788964333e-05 8.851373150375046886e-04 -1.360461222129009506e-03 5.615596660457984786e-04 8.120294255944722353e-04 7.760036558418093852e-06 -5.184170132467820454e-06 8.205841267387117715e-07 1.969635277177613533e-05 -4.313558199285055987e-07 1.869202081597732371e-06 -3.568910243952183789e-14 -3.568910243952196993e-05 -2.187021806554689720e-03 -2.187021806554689720e-03 6.674161550115652319e-03 6.674161550115652319e-03
-8.301850506153252390e-05 4.248078466422990611e-05 5.508502071832148059e-03 -3.470802247481806821e-07 -1.436295899918411827e-05 -2.309459578579151014e-05 -8.924176197436686601e-04 -2.792124250120436944e-03 5.606374448179352044e-02 -5.410169917613732657e-03 -4.189965218149208775e-02 7.476545092662038004e-03 6.521226842909680615e-04 4.551518553553705534e-03 5.136900044446438950e-04 -1.689444451850749193e-02 -8.110996947240365689e-07 7.382127825650318994e-05 -9.382552840136804069e-06 4.499157761696284924e-05 -8.775583107826817782e-06 -7.456564242520519778e-05 -1.769668091226224222e-13 -1.769668091226227972e-04 -4.946407131684831329e-03 -4.946407131684831329e-03 -4.373817333576416819e-03 -4.373817333576416819e-03
2.267203050322864484e-05 -6.936119361477513764e-06 -1.821242112750184829e-04 -1.767075739067071821e-08 4.738782343540948230e-07 1.028844580282217714e-05 9.878759519289291666e-04 1.141775532773821084e-04 -5.410169917613732657e-03 1.968284950089940148e-03 1.429528904032690726e-03 -1.077521717381206426e-03 -3.695251267184838473e-04 4.692544606211256422e-03 -1.341065180341134287e-04 -5.858760464173653690e-03 1.061215302267800907e-05 -1.131890961396354507e-05 1.845136150249985867e-06 -1.931261304740021202e-06 2.246695856077461822e-07 2.483922361694268185e-06 4.820615247461528174e-14 4.820615247461534355e-05 5.632554761976859767e-03 5.632554761976859767e-03 -4.373033796703165027e-02 -4.373033796703165027e-02
-3.071188999636241274e-05 -1.671778447778245660e-05 -2.556795281404726072e-03 4.681701266483447165e-08 5.993072324586484166e-06 -2.223252497133257585e-05 1.187973839241446240e-03 8.342944618918780083e-04 -4.189965218149208775e-02 1.429528904032690726e-03 5.209125886387887955e-02 -5.273450728507054000e-03 -6.555027476564522382e-04 -3.608060747696652942e-02 -4.271588874260448315e-04 1.196313838701124066e-02 -1.846282276015094386e-05 -2.887979810321863745e-05 -5.261426300903224520e-06 -4.356013762537842246e-05 3.827219613939629174e-06 3.309585023238104887e-05 -6.520298491009081034e-14 -6.520298491009047278e-05 -3.554336177689560589e-02 -3.554336177689560589e-02 2.466494131272226609e-01 2.466494131272226609e-01
2.259643385541841720e-05 2.967812571915469140e-06 6.691311100008229045e-04 4.373622609062824115e-07 -1.020134717006989320e-06 1.064242153490276044e-05 -2.077850284771331959e-03 4.167815122788964333e-05 7.476545092662038004e-03 -1.077521717381206426e-03 -5.273450728507054000e-03 4.604640614381767805e-03 7.364043058086115799e-04 -7.529482901774059607e-03 -1.590678098675006309e-04 -2.264081649402786486e-02 -1.358097521703726719e-05 6.264056617586512241e-06 -3.018335820135162204e-06 5.829483749698540944e-07 -1.406059002392767257e-08 -7.464263569153655304e-06 4.750665696464830302e-14 4.750665696464838816e-05 -8.807028807418418315e-03 -8.807028807418418315e-03 3.549853508476010638e-02 3.549853508476010638e-02
5.095706843992449744e-05 5.288053325412129193e-06 -1.021283544183863336e-03 2.846886263403606905e-07 3.127892728305329154e-06 2.163681851736997237e-05 -3.903772348933870311e-03 8.851373150375046886e-04 6.521226842909680615e-04 -3.695251267184838473e-04 -6.555027476564522382e-04 7.364043058086115799e-04 1.817956325848534916e-03 -1.703295578729648258e-03 2.204185818722724543e-04 -1.505259369441147273e-03 -5.965285820940459093e-06 6.634835178538514653e-06 -1.296935621404462430e-06 -5.115769955417683558e-06 2.113015728826237249e-06 1.484493013547360206e-05 1.082158176912880700e-13 1.082158176912882349e-04 1.097864016568924229e-03 1.097864016568924229e-03 3.039230055776018322e-03 3.039230055776018322e-03
-3.269152215162540666e-05 -2.766520649227939476e-05 -4.798101457595913564e-04 -1.536890976068521087e-06 -1.019095240257825399e-06 -1.486082242673562770e-05 6.334307816086393733e-03 -1.360461222129009506e-03 4.551518553553705534e-03 4.692544606211256422e-03 -3.608060747696652942e-02 -7.529482901774059607e-03 -1.703295578729648258e-03 8.972619262991915479e-02 5.020232010616615566e-04 2.743228981689965068e-02 2.957775298899790401e-05 2.680935061542971551e-05 1.672416277564152165e-05 3.776614849247724305e-05 -2.714711459790520378e-06 1.301257617884495128e-06 -6.825052013713837601e-14 -6.825052013713905354e-05 1.009862390682586403e-01 1.009862390682586403e-01 -4.777088118093308355e-01 -4.777088118093308355e-01
2.044932811658568004e-05 3.362422580237615556e-06 -3.428589970000297648e-04 1.340092022637037075e-07 1.183936447077953264e-06 9.537635414873165494e-06 -8.583332857823342899e-04 5.615596660457984786e-04 5.136900044446438950e-04 -1.341065180341134287e-04 -4.271588874260448315e-04 -1.590678098675006309e-04 2.204185818722724543e-04 5.020232010616615566e-04 1.804095708534264597e-04 1.659164623792352706e-03 -2.397917913082240567e-06 4.587118444547455265e-06 -8.457228062804136914e-07 -2.748268655100092530e-06 7.940588312918146021e-07 5.282246740676468194e-06 4.349352821777290531e-14 4.349352821777290544e-05 2.327344079443268657e-03 2.327344079443268657e-03 -8.513742299776496519e-03 -8.513742299776496519e-03
-2.337009549650994993e-04 1.169020634658144518e-05 -5.431765272581133737e-03 -2.118295264429407464e-06 1.082919114154276808e-05 -1.163001458804557267e-04 4.400392220962064983e-03 8.120294255944722353e-04 -1.689444451850749193e-02 -5.858760464173653690e-03 1.196313838701124066e-02 -2.264081649402786486e-02 -1.505259369441147273e-03 2.743228981689965068e-02 1.659164623792352706e-03 2.142325223635715981e-01 3.580583126768076833e-05 -1.737853322430320133e-05 2.610890956225640257e-05 2.221906764034407234e-05 3.297598204650859519e-06 6.636809104382797948e-05 -4.932026720611748958e-13 -4.932026720611751422e-04 2.782327088355019892e-02 2.782327088355019892e-02 -7.327686827453494534e-02 -7.327686827453494534e-02
-9.272431262530747509e-07 -2.122319039437076329e-08 1.307415271470719829e-05 -1.594524306705880389e-08 -6.775617652862328779e-08 -3.566377538477343412e-07 2.555120740177426551e-05 7.760036558418093852e-06 -8.110996947240365689e-07 1.061215302267800907e-05 -1.846282276015094386e-05 -1.358097521703726719e-05 -5.965285820940459093e-06 2.957775298899790401e-05 -2.397917913082240567e-06 3.580583126768076833e-05 3.698825852573948411e-05 4.670435032809465682e-07 5.032264924186173083e-07 -3.478682099769527324e-07 -5.350652542683000175e-08 -2.486729629281622531e-07 -1.961068115813347225e-15 -1.961068115813346674e-06 -4.376265769002006013e-03 -4.376265769002006013e-03 1.802704921175475941e-02 1.802704921175475941e-02
1.973217047219671925e-07 2.037007000837799147e-06 -2.235028506285186207e-04 -1.128661758371640994e-07 3.712081157811935971e-07 3.932936147135053273e-07 -2.367142957476875946e-05 -5.184170132467820454e-06 7.382127825650318994e-05 -1.131890961396354507e-05 -2.887979810321863745e-05 6.264056617586512241e-06 6.634835178538514653e-06 2.680935061542971551e-05 4.587118444547455265e-06 -1.737853322430320133e-05 4.670435032809465682e-07 5.970827872163368222e-05 3.293560423395422308e-07 -9.933796623970378103e-07 7.785946214320904254e-08 2.572603013218323131e-06 4.019777354969791061e-16 4.019777354969620052e-07 -5.365094012983209563e-07 -5.365094012983209563e-07 -1.605753599224307238e-03 -1.605753599224307238e-03
-1.386169021868110224e-06 9.386597701087911997e-09 -4.214193420100603124e-05 -7.629808807288982972e-09 9.664517234385647072e-08 -7.056001304584745957e-07 4.417170381286302065e-06 8.205841267387117715e-07 -9.382552840136804069e-06 1.845136150249985867e-06 -5.261426300903224520e-06 -3.018335820135162204e-06 -1.296935621404462430e-06 1.672416277564152165e-05 -8.457228062804136914e-07 2.610890956225640257e-05 5.032264924186173083e-07 3.293560423395422308e-07 5.634585458376505927e-06 -2.324904623065853630e-08 4.517866093937231141e-08 5.479589108205791632e-07 -2.944866093654123206e-15 -2.944866093654108164e-06 -3.131075771514806559e-04 -3.131075771514806559e-04 1.021645510027371310e-03 1.021645510027371310e-03
-2.034692615336911775e-06 -3.586851449743752502e-07 -4.962418309835224658e-05 -2.390320508281222240e-08 8.845496860789513475e-08 -1.025692058652293266e-06 2.624052268147957921e-05 1.969635277177613533e-05 4.499157761696284924e-05 -1.931261304740021202e-06 -4.356013762537842246e-05 5.829483749698540944e-07 -5.115769955417683558e-06 3.776614849247724305e-05 -2.748268655100092530e-06 2.221906764034407234e-05 -3.478682099769527324e-07 -9.933796623970378103e-07 -2.324904623065853630e-08 1.485714490506879789e-05 1.958834453269546059e-08 5.802024586421302676e-07 -4.314032780461325763e-15 -4.314032780461317454e-06 -4.724254879310140918e-05 -4.724254879310140918e-05 4.888269239396672398e-03 4.888269239396672398e-03
-2.001441469342886126e-06 -9.369536029138368731e-07 -1.568380758910248741e-04 -1.806187829045660216e-09 4.116028149521928785e-07 -1.560839447716330468e-06 -8.358472744672516965e-06 -4.313558199285055987e-07 -8.775583107826817782e-06 2.246695856077461822e-07 3.827219613939629174e-06 -1.406059002392767257e-08 2.113015728826237249e-06 -2.714711459790520378e-06 7.940588312918146021e-07 3.297598204650859519e-06 -5.350652542683000175e-08 7.785946214320904254e-08 4.517866093937231141e-08 1.958834453269546059e-08 2.244746692300979762e-07 2.132510042336665655e-06 -4.243218392721521061e-15 -4.243218392721520556e-06 -1.647307092076273616e-04 -1.647307092076273616e-04 3.092322476188622059e-04 3.092322476188622059e-04
-2.118776711015511391e-05 -8.016418087640765272e-06 -1.596873071725281703e-03 -8.809270935633804902e-08 4.078108392393593259e-06 -1.576663830347628883e-05 -5.350995118844383816e-05 1.869202081597732371e-06 -7.456564242520519778e-05 2.483922361694268185e-06 3.309585023238104887e-05 -7.464263569153655304e-06 1.484493013547360206e-05 1.301257617884495128e-06 5.282246740676468194e-06 6.636809104382797948e-05 -2.486729629281622531e-07 2.572603013218323131e-06 5.479589108205791632e-07 5.802024586421302676e-07 2.132510042336665655e-06 2.146851421587525179e-05 -4.493025673106013471e-14 -4.493025673106014250e-05 -1.683024860398401375e-03 -1.683024860398401375e-03 3.319266904541878869e-03 3.319266904541878869e-03
2.483902488884718693e-13 1.521933528617833985e-14 3.357633578928975983e-12 2.959143097090178313e-16 -8.470110936911244826e-15 1.350416756639839773e-13 -4.373711196554177651e-13 -3.568910243952183789e-14 -1.769668091226224222e-13 4.820615247461528174e-14 -6.520298491009081034e-14 4.750665696464830302e-14 1.082158176912880700e-13 -6.825052013713837601e-14 4.349352821777290531e-14 -4.932026720611748958e-13 -1.961068115813347225e-15 4.019777354969791061e-16 -2.944866093654123206e-15 -4.314032780461325763e-15 -4.243218392721521061e-15 -4.493025673106013471e-14 5.266902179471940311e-22 5.266902179471941297e-13 1.465554228805542440e-11 1.465554228805542440e-11 -4.635881350284809155e-11 -4.635881350284809155e-11
2.483902488884718695e-04 1.521933528617834915e-05 3.357633578928975130e-03 2.959143097090177905e-07 -8.470110936911245120e-06 1.350416756639840146e-04 -4.373711196554181529e-04 -3.568910243952196993e-05 -1.769668091226227972e-04 4.820615247461534355e-05 -6.520298491009047278e-05 4.750665696464838816e-05 1.082158176912882349e-04 -6.825052013713905354e-05 4.349352821777290544e-05 -4.932026720611751422e-04 -1.961068115813346674e-06 4.019777354969620052e-07 -2.944866093654108164e-06 -4.314032780461317454e-06 -4.243218392721520556e-06 -4.493025673106014250e-05 5.266902179471941297e-13 5.266902179471943772e-04 1.465554228805542383e-02 1.465554228805542383e-02 -4.635881350284808133e-02 -4.635881350284808133e-02
6.874413814206422994e-03 7.759197082701718099e-04 1.261612650691651960e-01 8.401124813763883990e-06 -3.200742939547636325e-04 3.936623318978592877e-03 -6.442058633703087039e-03 -2.187021806554689720e-03 -4.946407131684831329e-03 5.632554761976859767e-03 -3.554336177689560589e-02 -8.807028807418418315e-03 1.097864016568924229e-03 1.009862390682586403e-01 2.327344079443268657e-03 2.782327088355019892e-02 -4.376265769002006013e-03 -5.365094012983209563e-07 -3.131075771514806559e-04 -4.724254879310140918e-05 -1.647307092076273616e-04 -1.683024860398401375e-03 1.465554228805542440e-11 1.465554228805542383e-02 1.401201046685214058e+00 1.401201046685214058e+00 -3.827315976301167488e+00 -3.827315976301167488e+00
6.874413814206422994e-03 7.759197082701718099e-04 1.261612650691651960e-01 8.401124813763883990e-06 -3.200742939547636325e-04 3.936623318978592877e-03 -6.442058633703087039e-03 -2.187021806554689720e-03 -4.946407131684831329e-03 5.632554761976859767e-03 -3.554336177689560589e-02 -8.807028807418418315e-03 1.097864016568924229e-03 1.009862390682586403e-01 2.327344079443268657e-03 2.782327088355019892e-02 -4.376265769002006013e-03 -5.365094012983209563e-07 -3.131075771514806559e-04 -4.724254879310140918e-05 -1.647307092076273616e-04 -1.683024860398401375e-03 1.465554228805542440e-11 1.465554228805542383e-02 1.401201046685214058e+00 1.401201046685214058e+00 -3.827315976301167488e+00 -3.827315976301167488e+00
-2.187243958450253364e-02 -1.588716031098577706e-03 -2.452778739713044331e-01 -2.397428608009034333e-05 6.126021270035157370e-04 -1.177333394610882884e-02 2.168286205688207263e-02 6.674161550115652319e-03 -4.373817333576416819e-03 -4.373033796703165027e-02 2.466494131272226609e-01 3.549853508476010638e-02 3.039230055776018322e-03 -4.777088118093308355e-01 -8.513742299776496519e-03 -7.327686827453494534e-02 1.802704921175475941e-02 -1.605753599224307238e-03 1.021645510027371310e-03 4.888269239396672398e-03 3.092322476188622059e-04 3.319266904541878869e-03 -4.635881350284809155e-11 -4.635881350284808133e-02 -3.827315976301167488e+00 -3.827315976301167488e+00 4.145119723496287634e+01 4.145119723496287634e+01
-2.187243958450253364e-02 -1.588716031098577706e-03 -2.452778739713044331e-01 -2.397428608009034333e-05 6.126021270035157370e-04 -1.177333394610882884e-02 2.168286205688207263e-02 6.674161550115652319e-03 -4.373817333576416819e-03 -4.373033796703165027e-02 2.466494131272226609e-01 3.549853508476010638e-02 3.039230055776018322e-03 -4.777088118093308355e-01 -8.513742299776496519e-03 -7.327686827453494534e-02 1.802704921175475941e-02 -1.605753599224307238e-03 1.021645510027371310e-03 4.888269239396672398e-03 3.092322476188622059e-04 3.319266904541878869e-03 -4.635881350284809155e-11 -4.635881350284808133e-02 -3.827315976301167488e+00 -3.827315976301167488e+00 4.145119723496287634e+01 4.145119723496287634e+01
