# logA ns theta_MC_100 omegabh2 omegach2 tau w0pwa w A_planck calib_100T calib_217T A_cib_217 xi_sz_cib A_sz ksz_norm gal545_A_100 gal545_A_143 gal545_A_143_217 gal545_A_217 ps_A_100_100 ps_A_143_143 ps_A_143_217 ps_A_217_217
2.942779052683762268e-04 -6.838604278506586038e-05 -2.566981315084824242e-06 -1.715849864599846060e-06 2.307350465242875005e-05 1.079248682526584558e-04 -9.810244557906795497e-04 1.999083498556086568e-06 1.001426557476833918e-05 9.776437569287506668e-08 8.274839850999165079e-08 2.440566935660801466e-04 1.686716106754181771e-05 -2.029126331971100802e-03 5.763497221979145156e-04 -5.045594935061906844e-04 -1.089320368397013374e-03 -1.304987990128011772e-03 1.218856187974838535e-03 -3.842007980669133460e-02 -5.001153298301590916e-02 -6.352502106444751773e-02 -6.464255126443634036e-02
-6.838604278506586038e-05 1.561593948912270112e-04 6.275636435595600352e-06 4.157608698381477182e-06 -3.725992079656246218e-05 2.367053846168359483e-06 1.685017142414867684e-03 -1.216468108744904041e-05 1.239306184352012837e-06 1.843266067048897612e-07 -4.537155049830149534e-08 -6.590849506716753813e-03 5.223149139933580223e-05 5.736297529138282680e-04 -1.752840541251402071e-03 1.625802857445289226e-03 6.921018660245102216e-04 -3.949332042483700970e-04 1.888123256506031925e-03 -2.252161318622323827e-01 -2.261266917040582192e-01 -2.074965410453464276e-01 -1.920147719013870768e-01
-2.566981315084824242e-06 6.275636435595600352e-06 6.394765903412237000e-07 2.033209092579019039e-07 -1.550619834472381359e-06 8.752309714892208041e-08 7.650105581491722755e-05 -8.916563493538360718e-08 1.942345453937952016e-08 8.356742053463917730e-09 1.366929501532750579e-09 -8.959984699787142397e-05 1.568934407217147808e-06 1.103781559536570684e-05 -4.215759977702120348e-05 4.659806265114048424e-05 4.003022830276016167e-05 2.232519449394881959e-05 7.302899366594116132e-05 -6.002211920127950746e-03 -6.507109632558122705e-03 -6.258265171983819382e-03 -6.148047285191269272e-03
-1.715849864599846060e-06 4.157608698381477182e-06 2.033209092579019039e-07 1.583514702070264963e-07 -1.023225366682409880e-06 7.385390989893470073e-08 4.831611188875568945e-05 -3.834784669969749156e-07 3.072211227021138299e-08 6.100489454210128175e-09 -6.081267069469574990e-10 -1.471462656134587892e-04 4.063444908781756020e-07 2.667114393017345309e-05 -2.939831590770946847e-05 3.907726873290604392e-05 1.630898987604171739e-05 1.630765089221395195e-05 7.501310333069014988e-05 -4.437469397785425568e-03 -4.473540760233971937e-03 -4.104218843860911459e-03 -3.782489827855640366e-03
2.307350465242875005e-05 -3.725992079656246218e-05 -1.550619834472381359e-06 -1.023225366682409880e-06 1.098303732810550093e-05 -3.877843413124113535e-08 -4.915684152909199868e-04 6.601100490538879052e-06 -2.956984297709954345e-07 -7.500478710079555477e-08 1.061460992869848788e-08 1.000801667604537572e-03 -4.094388047689206649e-06 -1.399290722721393718e-04 1.685499299809851124e-04 -2.949034589029179499e-04 -1.819303842983714876e-04 -1.731409845697765232e-04 -4.720129944871337630e-04 2.641623175458577416e-02 2.875554184113671835e-02 2.662151561428138455e-02 2.364862294897362993e-02
1.079248682526584558e-04 2.367053846168359483e-06 8.752309714892208041e-08 7.385390989893467426e-08 -3.877843413124108902e-08 5.485590142778110881e-05 9.980214067093581113e-06 -4.743583471008814715e-06 -1.083788045407889822e-06 -1.182866563497643109e-08 4.214052334765373798e-08 1.302061340887229659e-03 -1.169552372543535171e-05 -8.049529445266385974e-04 5.154807605883322428e-04 9.578435689321905544e-05 -2.551654061397810001e-04 -4.300190587708780472e-04 -6.015010261481541168e-04 -1.366801768264630686e-02 -1.836325235726203944e-02 -2.624784898523510601e-02 -3.190081263742939460e-02
-9.810244557906795497e-04 1.685017142414867684e-03 7.650105581491722755e-05 4.831611188875568945e-05 -4.915684152909199868e-04 9.980214067093594665e-06 4.905717288411803184e-02 -9.369562356739833536e-03 2.433476962791538128e-05 5.458678216145797770e-06 -1.743566901002514440e-06 -1.043827562335226389e-01 3.265681029006051454e-04 8.923081832512742145e-03 -1.187089273170091087e-02 1.476169983979461718e-02 7.861505437996636758e-03 5.906477074090798855e-03 3.543769104581264567e-02 -9.672631482258857716e-01 -1.082539165200692821e+00 -9.080067570659230425e-01 -6.110796695516784727e-01
1.999083498556085721e-06 -1.216468108744904041e-05 -8.916563493538360718e-08 -3.834784669969749156e-07 6.601100490538879052e-06 -4.743583471008820645e-06 -9.369562356739833536e-03 3.475524452491198825e-03 -3.278814174309581030e-06 -4.592248787710139821e-07 2.171020060729115664e-07 5.949289136772131781e-03 -1.259040543342134584e-04 -5.525398066304779100e-04 1.159450531813792677e-03 -4.267089309226119271e-04 -4.005545198295528981e-04 8.440098522706517871e-04 8.073629860614032648e-04 -1.284358725002278656e-01 -1.165453217069894604e-01 -1.254357413465511106e-01 -1.445331169824479178e-01
1.001426557476833918e-05 1.239306184352012837e-06 1.942345453937952016e-08 3.072211227021138299e-08 -2.956984297709954345e-07 -1.083788045407889822e-06 2.433476962791538128e-05 -3.278814174309581030e-06 6.261017455033917068e-06 2.099375735288021361e-08 7.640983194479229503e-09 -1.989930070779924792e-05 1.333614523938637364e-05 5.718620113836798274e-05 -8.895917342076873919e-05 1.146343065191009951e-04 9.542496819260170692e-05 1.911130458755654158e-04 1.258631964411032660e-03 -2.494080070149812690e-03 -5.588106852588758076e-03 -4.930947954287862901e-03 -2.054791547244346449e-03
9.776437569287506668e-08 1.843266067048897612e-07 8.356742053463917730e-09 6.100489454210128175e-09 -7.500478710079555477e-08 -1.182866563497643771e-08 5.458678216145796076e-06 -4.592248787710138762e-07 2.099375735288021361e-08 3.859393686342033831e-07 2.337213616408218860e-10 -6.208906050545337377e-04 3.278388620750064232e-06 1.203688529546936343e-04 -9.108355741050704253e-05 1.475827991870006732e-04 -2.091726079306225185e-04 -6.402002165679946874e-05 1.305491389130524068e-04 2.339200365874179958e-03 -2.033777597412547451e-03 -1.012462403776642978e-03 3.074162373044634863e-04
8.274839850999165079e-08 -4.537155049830149534e-08 1.366929501532750579e-09 -6.081267069469574990e-10 1.061460992869848788e-08 4.214052334765375783e-08 -1.743566901002514652e-06 2.171020060729115664e-07 7.640983194479229503e-09 2.337213616408218860e-10 3.964136900989630736e-07 1.414239002250348856e-03 -4.771968882440489315e-07 -4.799502333216579307e-05 4.256357933196223693e-05 1.130822234483165946e-05 -2.163440625445988547e-05 3.929369491690591393e-04 6.749292482361008393e-04 6.891045453151338224e-04 1.340094536947015287e-05 -6.375543590124455604e-04 -3.224901130715209559e-03
2.440566935660800111e-04 -6.590849506716753813e-03 -8.959984699787135621e-05 -1.471462656134587350e-04 1.000801667604537355e-03 1.302061340887229876e-03 -1.043827562335226389e-01 5.949289136772136118e-03 -1.989930070779906835e-05 -6.208906050545337377e-04 1.414239002250348640e-03 1.539954710551257051e+02 -1.519802970520287011e-01 -6.905411724597168011e-01 5.368594456756432542e-01 7.122743819510515273e-01 4.042366660311877968e-01 -7.613161457242165753e+00 -6.923542973670139133e+01 6.836395506103171726e+01 2.868143111359728792e+01 -9.422963004917578189e+01 -4.538464054862531611e+02
1.686716106754180416e-05 5.223149139933580223e-05 1.568934407217147808e-06 4.063444908781748079e-07 -4.094388047689204955e-06 -1.169552372543534324e-05 3.265681029006049286e-04 -1.259040543342134042e-04 1.333614523938637533e-05 3.278388620750062961e-06 -4.771968882440496727e-07 -1.519802970520287011e-01 8.228873473772947700e-02 4.201361357484143660e-03 8.312766749853806730e-03 -6.660617265373966478e-03 8.428796140036968684e-03 7.437373264100066717e-02 4.063391750164129651e-02 -8.266058504945577035e-01 5.064537164535947156e-01 1.275408279955054347e+00 1.152300654225965892e-01
-2.029126331971100802e-03 5.736297529138282680e-04 1.103781559536570853e-05 2.667114393017344971e-05 -1.399290722721393718e-04 -8.049529445266389227e-04 8.923081832512742145e-03 -5.525398066304778016e-04 5.718620113836798952e-05 1.203688529546936343e-04 -4.799502333216579307e-05 -6.905411724597168011e-01 4.201361357484146263e-03 4.402785812435022095e+00 -3.349744973456498798e+00 -2.575283646474736399e-01 1.213605187367406135e-01 1.315623257761308285e+00 1.349959108767768701e+00 -2.915444751049064820e+01 2.929556544722577094e+00 2.642229430667540058e+01 2.280928819480135772e+01
5.763497221979148408e-04 -1.752840541251401638e-03 -4.215759977702118993e-05 -2.939831590770946508e-05 1.685499299809851395e-04 5.154807605883321344e-04 -1.187089273170091261e-02 1.159450531813792243e-03 -8.895917342076873919e-05 -9.108355741050701542e-05 4.256357933196223693e-05 5.368594456756431432e-01 8.312766749853810200e-03 -3.349744973456498798e+00 6.768542101664003496e+00 1.083016519232394420e-01 -1.418669107993567324e-01 -1.014887007805331587e+00 -9.401213539539362563e-01 1.489687428432038452e+01 -9.971799942470539690e+00 -2.736077628241346815e+01 -2.471705742827507990e+01
-5.045594935061907928e-04 1.625802857445289226e-03 4.659806265114048424e-05 3.907726873290603715e-05 -2.949034589029179499e-04 9.578435689321900123e-05 1.476169983979461545e-02 -4.267089309226116561e-04 1.146343065191010086e-04 1.475827991870006732e-04 1.130822234483165946e-05 7.122743819510515273e-01 -6.660617265373966478e-03 -2.575283646474736399e-01 1.083016519232394420e-01 3.498954252606795823e+00 4.359342183130507364e-01 -1.318464193075726543e-01 -5.498897342959619960e-01 -7.665724481899302667e+00 3.046742565581457285e-01 3.607021351528566511e-01 -2.992168131330746328e-01
-1.089320368397013374e-03 6.921018660245102216e-04 4.003022830276016167e-05 1.630898987604171739e-05 -1.819303842983714876e-04 -2.551654061397810543e-04 7.861505437996636758e-03 -4.005545198295530607e-04 9.542496819260170692e-05 -2.091726079306225185e-04 -2.163440625445988547e-05 4.042366660311878523e-01 8.428796140036965215e-03 1.213605187367406135e-01 -1.418669107993567047e-01 4.359342183130507364e-01 3.190404575757673999e+00 2.459488177773244466e+00 2.276996825422711979e+00 3.737221123090207486e-01 -7.638187612839930196e+00 -4.749533325399450057e+00 -3.176980989619826889e+00
-1.304987990128011989e-03 -3.949332042483700970e-04 2.232519449394882976e-05 1.630765089221395195e-05 -1.731409845697765232e-04 -4.300190587708778846e-04 5.906477074090797988e-03 8.440098522706518955e-04 1.911130458755654158e-04 -6.402002165679948230e-05 3.929369491690591393e-04 -7.613161457242165753e+00 7.437373264100068104e-02 1.315623257761308507e+00 -1.014887007805331809e+00 -1.318464193075726820e-01 2.459488177773244466e+00 1.390917245453699458e+01 2.467372085799373593e+01 2.607720730592052227e+00 9.674566994960857258e+00 -1.994997890911967175e+01 -1.551530081107359749e+01
1.218856187974838535e-03 1.888123256506032358e-03 7.302899366594118842e-05 7.501310333069014988e-05 -4.720129944871336003e-04 -6.015010261481536832e-04 3.543769104581265261e-02 8.073629860614032648e-04 1.258631964411032660e-03 1.305491389130524068e-04 6.749292482361008393e-04 -6.923542973670139133e+01 4.063391750164129651e-02 1.349959108767768701e+00 -9.401213539539362563e-01 -5.498897342959619960e-01 2.276996825422711979e+00 2.467372085799373593e+01 7.433660369907730114e+01 -1.296540292848187903e+01 6.116292807020743183e+00 -6.465520897343097317e+00 1.092773149350776549e+02
-3.842007980669133460e-02 -2.252161318622323827e-01 -6.002211920127950746e-03 -4.437469397785425568e-03 2.641623175458577416e-02 -1.366801768264630339e-02 -9.672631482258857716e-01 -1.284358725002279211e-01 -2.494080070149813557e-03 2.339200365874179958e-03 6.891045453151340393e-04 6.836395506103171726e+01 -8.266058504945574814e-01 -2.915444751049064820e+01 1.489687428432038452e+01 -7.665724481899302667e+00 3.737221123090210817e-01 2.607720730592051339e+00 -1.296540292848187903e+01 2.386115361687080167e+03 1.724099394364927775e+03 1.404263183281698502e+03 1.270214403678165581e+03
-5.001153298301590916e-02 -2.261266917040582192e-01 -6.507109632558122705e-03 -4.473540760233971937e-03 2.875554184113672529e-02 -1.836325235726203944e-02 -1.082539165200692821e+00 -1.165453217069894604e-01 -5.588106852588758076e-03 -2.033777597412547017e-03 1.340094536947001904e-05 2.868143111359728437e+01 5.064537164535947156e-01 2.929556544722576650e+00 -9.971799942470539690e+00 3.046742565581458950e-01 -7.638187612839930196e+00 9.674566994960857258e+00 6.116292807020744071e+00 1.724099394364927775e+03 1.963126784359224530e+03 1.834143546396189549e+03 1.696004716758266113e+03
-6.352502106444751773e-02 -2.074965410453464831e-01 -6.258265171983819382e-03 -4.104218843860911459e-03 2.662151561428138455e-02 -2.624784898523511295e-02 -9.080067570659230425e-01 -1.254357413465510829e-01 -4.930947954287863769e-03 -1.012462403776642978e-03 -6.375543590124455604e-04 -9.422963004917579610e+01 1.275408279955054347e+00 2.642229430667539347e+01 -2.736077628241346460e+01 3.607021351528560960e-01 -4.749533325399450945e+00 -1.994997890911967175e+01 -6.465520897343097317e+00 1.404263183281698502e+03 1.834143546396189549e+03 2.284545713509631696e+03 2.532056309081392556e+03
-6.464255126443634036e-02 -1.920147719013870768e-01 -6.148047285191269272e-03 -3.782489827855642101e-03 2.364862294897363340e-02 -3.190081263742938766e-02 -6.110796695516784727e-01 -1.445331169824479178e-01 -2.054791547244346882e-03 3.074162373044634321e-04 -3.224901130715209559e-03 -4.538464054862531611e+02 1.152300654225966586e-01 2.280928819480135772e+01 -2.471705742827508701e+01 -2.992168131330752434e-01 -3.176980989619826889e+00 -1.551530081107359571e+01 1.092773149350776549e+02 1.270214403678165581e+03 1.696004716758266113e+03 2.532056309081392556e+03 3.856198993952956698e+03
